4
2
3
4
2
0
1
5
1
2
4
4
3
1
1
1
3
6
1
3
4
7
2
2
3
1
1
1
0
1
7
4
0
1
1
3
1
1
1
2
1
3
3
1
3
2
1
1
3
3
4
2
3
4
2
0
1
5
1
2
4
4
3
1
1
1
3
6
1
3
4
7
2
2
3
1
1
1
0
1
7
4
0
1
1
3
1
1
1
2
1
3
3
1
3
2
1
1
3
3
4
2
3
4
2
0
1
5
1
2
4
4
3
1
1
1
3
6
1
3
4
7
2
2
3
1
1
1
0
1
7
4
0
1
1
3
1
1
1
2
1
3
3
1
3
2
1
1
3
3
4
2
3
4
2
0
1
5
1
2
4
4
3
1
1
1
3
6
1
3
4
7
2
2
3
1
1
1
0
1
7
4
0
1
1
3
1
1
1
2
1
3
3
1
3
2
1
1
3
3
4
2
3
4
2
0
1
5
1
2
4
4
3
1
1
1
3
6
1
3
4
7
2
2
3
1
1
1
0
1
7
4
0
1
1
3
1
1
1
2
1
3
3
1
3
2
1
1
3
3
4
2
3
4
2
0
1
5
1
2
4
4
3
1
1
1
3
6
1
3
4
7
2
2
3
1
1
1
0
1
7
4
0
1
1
3
1
1
1
2
1
3
3
1
3
2
1
1
3
3
4
2
3
4
2
0
1
5
1
2
4
4
3
1
1
1
3
6
1
3
4
7
2
2
3
1
1
1
0
1
7
4
0
1
1
3
1
1
1
2
1
3
3
1
3
2
1
1
3
3
4
2
3
4
2
0
1
5
1
2
4
4
3
1
1
1
3
6
1
3
4
7
2
2
3
1
1
1
0
1
7
4
0
1
1
3
1
1
1
2
1
3
3
1
3
2
1
1
3
3
